1,1,204.2,249.4,100.90000000000003,42.400000000000006,1,1,1.0
1,2,115.33,329.41,144.67000000000002,65.76999999999998,1,1,1.0
1,3,730.65,262.7,76.54000000000008,46.0,1,1,1.0
2,1,204.22,249.4,100.9,42.400000000000006,1,1,1.0
2,2,92.27,333.97,145.91000000000003,65.76999999999998,1,1,1.0
2,3,716.69,264.98,78.04999999999995,46.0,1,1,1.0
3,1,204.25,249.4,100.89999999999998,42.400000000000006,1,1,1.0
3,2,69.2,338.54,147.16000000000003,65.76999999999998,1,1,1.0
3,3,702.72,267.27,79.57999999999993,46.0,1,1,1.0
4,1,204.27,249.4,100.9,42.400000000000006,1,1,1.0
4,2,46.13,343.1,148.41,65.76999999999998,1,1,1.0
4,3,688.75,269.55,81.10000000000002,46.0,1,1,1.0
5,1,204.29,249.4,100.9,42.400000000000006,1,1,1.0
5,2,23.07,347.67,149.65,65.76999999999998,1,1,1.0
5,3,674.78,271.83,82.62,46.0,1,1,1.0
6,1,204.31,249.4,100.89999999999998,42.400000000000006,1,1,1.0
6,2,0.0,352.23,150.9,65.76999999999998,1,1,1.0
6,3,660.82,274.11,84.13999999999999,46.0,1,1,1.0
7,1,204.34,249.4,100.9,42.400000000000006,1,1,1.0
7,2,0.0,355.17,126.68,65.76999999999998,1,1,1.0
7,3,646.51,276.03,84.13999999999999,46.0,1,1,1.0
8,1,204.36,249.4,100.89999999999998,42.400000000000006,1,1,1.0
8,2,0.0,358.1,102.47,65.76999999999998,1,1,1.0
8,3,632.2,277.94,84.13999999999999,46.0,1,1,1.0
9,1,204.38,249.4,100.89999999999998,42.400000000000006,1,1,1.0
9,2,0.0,361.04,78.25,65.76999999999998,1,1,1.0
9,3,617.9,279.85,84.13,46.0,1,1,1.0
10,1,204.4,249.4,100.9,42.400000000000006,1,1,1.0
10,2,0.0,363.97,54.03,65.76999999999998,1,1,1.0
10,3,603.59,281.76,84.13999999999999,46.0,1,1,1.0
11,1,204.43,249.4,100.89999999999998,42.400000000000006,1,1,1.0
11,2,0.82,367.25,29.1,65.76999999999998,1,1,1.0
11,3,584.36,282.6,96.13999999999999,49.02999999999997,1,1,1.0
12,1,204.45,249.4,100.90000000000003,42.400000000000006,1,1,1.0
12,3,571.48,284.62,92.41999999999996,49.829999999999984,1,1,1.0
13,1,204.47,249.4,100.9,42.400000000000006,1,1,1.0
13,3,554.62,286.16,94.75,50.61999999999995,1,1,1.0
14,1,204.5,249.4,100.89999999999998,42.400000000000006,1,1,1.0
14,3,538.17,288.3,96.0200000000001,50.639999999999986,1,1,1.0
15,1,204.52,249.4,100.9,42.400000000000006,1,1,1.0
15,3,521.71,290.44,97.28999999999996,50.660000000000025,1,1,1.0
16,1,204.54,249.4,100.9,42.400000000000006,1,1,1.0
16,3,507.06,295.86,96.04000000000002,48.339999999999975,1,1,1.0
17,1,204.56,249.4,100.89999999999998,42.400000000000006,1,1,1.0
17,3,490.54,299.58,101.85999999999996,46.22000000000003,1,1,1.0
18,1,204.59,249.4,100.9,42.400000000000006,1,1,1.0
18,3,470.12,299.0,104.30999999999995,51.18000000000001,1,1,1.0
19,1,204.61,249.4,100.89999999999998,42.400000000000006,1,1,1.0
19,3,453.91,302.1,102.56,52.45999999999998,1,1,1.0
20,1,204.63,249.4,100.89999999999998,42.400000000000006,1,1,1.0
20,3,437.7,305.2,100.80000000000001,53.73000000000002,1,1,1.0
21,1,204.65,249.4,100.9,42.400000000000006,1,1,1.0
21,3,421.47,307.56,103.81999999999994,54.69,1,1,1.0
22,1,204.68,249.4,100.89999999999998,42.400000000000006,1,1,1.0
22,3,404.37,310.53,106.83999999999997,55.650000000000034,1,1,1.0
23,1,204.7,249.4,100.90000000000003,42.400000000000006,1,1,1.0
23,3,384.77,313.66,109.86000000000001,56.599999999999966,1,1,1.0
24,1,204.72,249.4,100.9,42.400000000000006,1,1,1.0
24,3,365.16,316.78,112.88,57.57000000000005,1,1,1.0
25,1,204.75,249.4,100.89999999999998,42.400000000000006,1,1,1.0
25,3,346.42,320.39,115.89999999999998,58.53000000000003,1,1,1.0
26,1,204.77,249.4,100.9,42.400000000000006,1,1,1.0
26,3,324.88,322.37,118.92000000000002,59.48000000000002,1,1,1.0
27,1,204.79,249.4,100.9,42.400000000000006,1,1,1.0
27,3,302.44,324.93,121.94,61.670000000000016,1,1,1.0
28,1,204.81,249.4,100.89999999999998,42.400000000000006,1,1,1.0
28,3,280.0,327.5,124.95999999999998,63.85000000000002,1,1,1.0
29,1,204.84,249.4,100.9,42.400000000000006,1,1,1.0
29,3,257.55,331.64,127.97999999999996,64.46000000000004,1,1,1.0
30,1,204.86,249.4,100.89999999999998,42.400000000000006,1,1,1.0
30,3,235.11,335.79,131.0,65.06,1,1,1.0
31,1,204.88,249.4,100.89999999999998,42.400000000000006,1,1,1.0
31,3,212.67,339.93,134.02,65.67000000000002,1,1,1.0
32,1,204.9,249.4,100.9,42.400000000000006,1,1,1.0
32,3,190.23,344.07,137.04,66.28000000000003,1,1,1.0
33,1,204.93,249.4,100.89999999999998,42.400000000000006,1,1,1.0
33,3,167.78,348.21,140.05999999999997,66.89000000000004,1,1,1.0
34,1,204.95,249.4,100.90000000000003,42.400000000000006,1,1,1.0
34,3,145.34,352.36,143.08,67.49000000000001,1,1,1.0
35,1,204.97,249.4,100.9,42.400000000000006,1,1,1.0
35,3,122.9,356.5,146.1,68.10000000000002,1,1,1.0
36,1,205.0,249.4,100.89999999999998,42.400000000000006,1,1,1.0
36,3,101.6,360.73,143.75,70.41999999999996,1,1,1.0
37,1,205.02,249.4,100.9,42.400000000000006,1,1,1.0
37,3,73.91,364.14,149.57,72.74000000000001,1,1,1.0
38,1,205.02,249.4,100.9,42.400000000000006,1,1,1.0
38,3,45.6,368.57,155.0,75.07,1,1,1.0
39,1,205.02,249.4,100.9,42.400000000000006,1,1,1.0
39,3,18.94,373.0,158.76,77.38999999999999,1,1,1.0
40,1,205.02,249.4,100.9,42.400000000000006,1,1,1.0
40,3,0.46,377.43,153.54,79.70999999999998,1,1,1.0
41,1,205.02,249.4,100.9,42.400000000000006,1,1,1.0
41,3,0.0,381.87,132.0,82.02999999999997,1,1,1.0
42,1,205.02,249.4,100.9,42.400000000000006,1,1,1.0
42,3,0.32,389.47,106.30000000000001,77.91999999999996,1,1,1.0
43,1,205.02,249.4,100.9,42.400000000000006,1,1,1.0
43,3,0.63,397.08,80.62,73.80000000000001,1,1,1.0
44,1,205.02,249.4,100.9,42.400000000000006,1,1,1.0
44,3,0.95,404.69,54.93,69.67000000000002,1,1,1.0
45,1,205.02,249.4,100.9,42.400000000000006,1,1,1.0
45,3,1.27,412.3,29.23,65.55000000000001,1,1,1.0
46,1,205.02,249.4,100.9,42.400000000000006,1,1,1.0
47,1,205.02,249.4,100.9,42.400000000000006,1,1,1.0
48,1,205.02,249.4,100.9,42.400000000000006,1,1,1.0
49,1,205.02,249.4,100.9,42.400000000000006,1,1,1.0
50,1,205.02,249.4,100.9,42.400000000000006,1,1,1.0
51,1,205.02,249.4,100.9,42.400000000000006,1,1,1.0
51,4,947.3,223.47,12.700000000000045,59.940000000000026,1,1,1.0
52,1,205.02,249.4,100.9,42.400000000000006,1,1,1.0
52,4,942.9,223.47,17.100000000000023,59.940000000000026,1,1,1.0
53,1,205.02,249.4,100.9,42.400000000000006,1,1,1.0
53,4,938.5,223.47,21.5,59.940000000000026,1,1,1.0
54,1,205.02,249.4,100.9,42.400000000000006,1,1,1.0
54,4,933.97,223.47,26.029999999999973,61.59,1,1,1.0
55,1,205.02,249.4,100.9,42.400000000000006,1,1,1.0
55,4,929.45,223.47,30.549999999999955,63.23999999999998,1,1,1.0
56,1,205.02,249.4,100.9,42.400000000000006,1,1,1.0
56,4,924.92,223.47,35.08000000000004,64.89000000000001,1,1,1.0
57,1,205.02,249.4,100.9,42.400000000000006,1,1,1.0
57,4,920.4,223.47,39.60000000000002,66.53,1,1,1.0
58,1,205.02,249.4,100.9,42.400000000000006,1,1,1.0
58,4,915.87,223.47,44.129999999999995,68.17999999999998,1,1,1.0
59,1,205.02,249.4,100.9,42.400000000000006,1,1,1.0
59,4,911.35,223.47,48.64999999999998,69.83000000000001,1,1,1.0
60,1,205.02,249.4,100.9,42.400000000000006,1,1,1.0
60,4,906.82,223.47,53.17999999999995,71.47999999999999,1,1,1.0
61,1,205.02,249.4,100.9,42.400000000000006,1,1,1.0
61,4,902.3,223.47,57.700000000000045,73.13000000000002,1,1,1.0
61,5,899.3,240.58,20.100000000000023,26.49999999999997,1,1,1.0
62,1,205.02,249.4,100.9,42.400000000000006,1,1,1.0
62,4,894.97,224.0,65.02999999999997,74.63,1,1,1.0
62,5,894.29,240.14,20.100000000000023,28.639999999999986,1,1,1.0
63,1,205.02,249.4,100.9,42.400000000000006,1,1,1.0
63,4,887.64,224.53,72.36000000000001,76.11999999999998,1,1,1.0
63,5,889.29,239.7,20.100000000000023,30.79000000000002,1,1,1.0
64,1,205.02,249.4,100.9,42.400000000000006,1,1,1.0
64,4,880.31,225.05,79.69000000000005,77.63,1,1,1.0
64,5,884.28,245.7,20.100000000000023,26.5,1,1,1.0
65,1,205.02,249.4,100.9,42.400000000000006,1,1,1.0
65,4,872.98,225.58,87.01999999999998,79.12999999999997,1,1,1.0
65,5,877.63,246.38,20.100000000000023,26.5,1,1,1.0
66,1,205.02,249.4,100.9,42.400000000000006,1,1,1.0
66,4,865.65,226.11,94.35000000000002,80.62,1,1,1.0
66,5,870.97,247.06,20.100000000000023,26.5,1,1,1.0
67,1,205.02,249.4,100.9,42.400000000000006,1,1,1.0
67,4,858.32,226.64,101.67999999999995,82.12,1,1,1.0
67,5,864.32,247.75,20.09999999999991,26.49000000000001,1,1,1.0
68,1,205.02,249.4,100.9,42.400000000000006,1,1,1.0
68,4,850.99,227.17,109.00999999999999,83.62000000000003,1,1,1.0
68,5,857.66,248.43,20.100000000000023,26.5,1,1,1.0
69,1,205.02,249.4,100.9,42.400000000000006,1,1,1.0
69,4,843.66,227.7,116.34000000000003,85.12,1,1,1.0
69,5,850.38,249.57,20.100000000000023,26.49000000000001,1,1,1.0
70,1,205.02,249.4,100.9,42.400000000000006,1,1,1.0
70,4,836.33,228.22,123.66999999999996,86.61999999999998,1,1,1.0
70,5,843.1,250.7,20.100000000000023,26.5,1,1,1.0
71,1,205.02,249.4,100.9,42.400000000000006,1,1,1.0
71,4,829.0,228.75,131.0,88.12,1,1,1.0
71,5,835.82,251.84,20.09999999999991,26.49999999999997,1,1,1.0
72,1,205.02,249.4,100.9,42.400000000000006,1,1,1.0
72,4,821.68,229.28,138.32000000000005,89.61999999999998,1,1,1.0
72,5,828.08,252.17,21.269999999999982,27.78,1,1,1.0
73,1,205.02,249.4,100.9,42.400000000000006,1,1,1.0
73,4,814.35,229.81,145.64999999999998,91.11000000000001,1,1,1.0
73,5,820.33,252.5,22.43999999999994,29.060000000000002,1,1,1.0
74,1,205.02,249.4,100.9,42.400000000000006,1,1,1.0
74,4,807.02,230.34,152.98000000000002,92.60999999999999,1,1,1.0
74,5,812.59,252.84,23.610000000000014,30.340000000000003,1,1,1.0
75,1,205.02,249.4,100.9,42.400000000000006,1,1,1.0
75,4,799.69,230.87,160.30999999999995,94.11000000000001,1,1,1.0
75,5,804.84,253.17,24.789999999999964,31.620000000000033,1,1,1.0
76,1,205.02,249.4,100.9,42.400000000000006,1,1,1.0
76,4,792.36,231.39,167.64,95.61000000000001,1,1,1.0
76,5,797.1,253.5,25.949999999999932,32.89999999999998,1,1,1.0
77,1,205.02,249.4,100.9,42.400000000000006,1,1,1.0
77,4,784.23,230.81,175.72000000000003,97.10000000000002,1,1,1.0
77,5,787.32,254.17,28.43999999999994,32.900000000000006,1,1,1.0
78,1,205.02,249.4,100.9,42.400000000000006,1,1,1.0
78,4,776.09,230.22,183.80999999999995,98.6,1,1,1.0
78,5,777.53,254.84,30.930000000000064,32.900000000000006,1,1,1.0
78,6,928.4,231.4,31.600000000000023,35.68999999999997,1,1,1.0
79,1,205.02,249.4,100.9,42.400000000000006,1,1,1.0
79,4,768.67,230.61,186.0300000000001,100.11000000000001,1,1,1.0
79,5,767.75,255.51,33.40999999999997,32.900000000000034,1,1,1.0
79,6,924.52,234.29,35.48000000000002,35.690000000000026,1,1,1.0
80,1,205.02,249.4,100.9,42.400000000000006,1,1,1.0
80,4,761.25,231.01,190.12,101.60000000000002,1,1,1.0
80,5,757.97,256.18,35.889999999999986,32.89999999999998,1,1,1.0
80,6,918.99,234.99,38.110000000000014,35.69,1,1,1.0
81,1,205.02,249.4,100.9,42.400000000000006,1,1,1.0
81,4,753.82,231.41,194.20999999999992,103.1,1,1,1.0
81,5,748.19,256.85,38.36999999999989,32.89999999999998,1,1,1.0
81,6,913.46,235.69,38.99000000000001,35.69,1,1,1.0
82,1,205.02,249.4,100.9,42.400000000000006,1,1,1.0
82,4,746.4,231.8,198.30000000000007,104.59999999999997,1,1,1.0
82,5,738.4,257.52,40.860000000000014,32.900000000000034,1,1,1.0
82,6,907.93,236.4,39.870000000000005,35.67999999999998,1,1,1.0
83,1,205.02,249.4,100.9,42.400000000000006,1,1,1.0
83,4,738.98,232.2,197.91999999999996,106.10000000000002,1,1,1.0
83,5,728.62,258.18,43.34000000000003,32.89999999999998,1,1,1.0
83,6,902.4,237.1,40.75,35.690000000000026,1,1,1.0
84,1,205.02,249.4,100.9,42.400000000000006,1,1,1.0
84,4,728.06,233.03,202.23000000000002,107.72999999999999,1,1,1.0
84,5,718.84,258.85,45.819999999999936,32.89999999999998,1,1,1.0
84,6,896.88,237.8,41.620000000000005,35.69,1,1,1.0
85,1,205.02,249.4,100.9,42.400000000000006,1,1,1.0
85,4,717.15,233.85,206.52999999999997,109.37000000000003,1,1,1.0
85,5,707.3,259.48,48.5,33.589999999999975,1,1,1.0
85,6,889.02,238.07,39.180000000000064,36.24000000000001,1,1,1.0
86,1,205.02,249.4,100.9,42.400000000000006,1,1,1.0
86,4,706.24,234.68,210.83000000000004,111.0,1,1,1.0
86,5,695.75,260.1,51.190000000000055,34.299999999999955,1,1,1.0
86,6,881.16,238.34,40.26999999999998,36.78999999999999,1,1,1.0
87,1,205.02,249.4,100.9,42.400000000000006,1,1,1.0
87,4,695.32,235.5,215.14999999999998,112.63,1,1,1.0
87,5,684.21,260.73,53.870000000000005,34.99000000000001,1,1,1.0
87,6,873.3,238.62,41.370000000000005,37.329999999999984,1,1,1.0
88,1,205.02,249.4,100.9,42.400000000000006,1,1,1.0
88,4,684.41,236.33,219.45000000000005,114.25999999999996,1,1,1.0
88,5,672.67,261.35,56.55000000000007,35.69,1,1,1.0
88,6,865.44,238.89,42.45999999999992,37.879999999999995,1,1,1.0
89,1,205.02,249.4,100.9,42.400000000000006,1,1,1.0
89,4,673.5,237.16,223.75,115.89000000000001,1,1,1.0
89,5,661.13,261.98,59.23000000000002,36.379999999999995,1,1,1.0
89,6,857.59,239.17,43.539999999999964,38.41999999999999,1,1,1.0
90,1,205.02,249.4,100.9,42.400000000000006,1,1,1.0
90,4,662.59,237.98,228.04999999999995,117.53,1,1,1.0
90,5,649.59,262.6,61.90999999999997,37.079999999999984,1,1,1.0
90,6,849.73,239.44,44.639999999999986,38.97000000000003,1,1,1.0
91,1,205.02,249.4,100.9,42.400000000000006,1,1,1.0
91,4,651.67,238.81,232.36,119.16000000000003,1,1,1.0
91,5,637.25,262.93,66.96000000000004,37.339999999999975,1,1,1.0
91,6,841.87,239.71,45.73000000000002,39.53,1,1,1.0
92,1,205.02,249.4,100.9,42.400000000000006,1,1,1.0
92,4,640.76,239.63,236.65999999999997,120.80000000000001,1,1,1.0
92,5,624.92,263.26,72.00999999999999,37.60000000000002,1,1,1.0
92,6,834.01,239.99,46.82000000000005,40.06999999999999,1,1,1.0
93,1,205.02,249.4,100.9,42.400000000000006,1,1,1.0
93,4,629.85,240.46,240.95999999999992,122.42999999999998,1,1,1.0
93,5,612.58,263.59,77.05999999999995,37.85000000000002,1,1,1.0
93,6,826.15,240.26,47.92000000000007,40.620000000000005,1,1,1.0
94,1,205.02,249.4,100.9,42.400000000000006,1,1,1.0
94,4,618.94,241.28,245.26,124.07000000000002,1,1,1.0
94,5,600.25,263.92,82.11000000000001,38.10999999999996,1,1,1.0
94,6,818.3,240.54,49.0,41.16,1,1,1.0
95,1,205.02,249.4,100.9,42.400000000000006,1,1,1.0
95,4,608.79,242.15,248.31000000000006,126.10999999999999,1,1,1.0
95,5,587.91,264.25,87.16000000000008,38.370000000000005,1,1,1.0
95,6,806.65,241.3,51.56000000000006,40.94,1,1,1.0
96,1,205.02,249.4,100.9,42.400000000000006,1,1,1.0
96,4,598.65,243.01,251.35000000000002,128.16000000000003,1,1,1.0
96,5,575.58,264.58,92.20999999999992,38.629999999999995,1,1,1.0
96,6,795.0,242.05,54.120000000000005,40.74000000000001,1,1,1.0
97,1,205.02,249.4,100.9,42.400000000000006,1,1,1.0
97,4,588.51,243.88,254.39,130.20999999999998,1,1,1.0
97,5,563.24,264.91,97.25999999999999,38.879999999999995,1,1,1.0
97,6,783.35,242.81,56.66999999999996,40.51999999999998,1,1,1.0
98,1,205.02,249.4,100.9,42.400000000000006,1,1,1.0
98,4,578.37,244.74,257.41999999999996,132.26,1,1,1.0
98,5,549.76,265.73,98.5,38.889999999999986,1,1,1.0
98,6,771.7,243.57,59.229999999999905,40.31,1,1,1.0
99,1,205.02,249.4,100.9,42.400000000000006,1,1,1.0
99,4,564.41,246.88,262.36,133.68,1,1,1.0
99,5,536.28,266.55,99.74000000000001,38.889999999999986,1,1,1.0
99,6,760.05,244.33,61.79000000000008,40.09,1,1,1.0
100,1,205.02,249.4,100.9,42.400000000000006,1,1,1.0
100,4,550.45,249.02,267.29999999999995,135.1,1,1,1.0
100,5,522.81,267.37,100.97000000000003,38.889999999999986,1,1,1.0
100,6,748.4,245.09,64.35000000000002,39.880000000000024,1,1,1.0
101,1,205.02,249.4,100.9,42.400000000000006,1,1,1.0
101,4,536.49,251.16,272.23,136.53,1,1,1.0
101,5,509.33,268.19,102.20999999999998,38.889999999999986,1,1,1.0
101,6,736.75,245.85,66.89999999999998,39.66,1,1,1.0
102,1,205.02,249.4,100.9,42.400000000000006,1,1,1.0
102,4,522.53,253.29,277.1700000000001,137.96,1,1,1.0
102,5,495.85,269.01,103.44999999999993,38.900000000000034,1,1,1.0
102,6,725.1,246.61,69.45999999999992,39.44999999999999,1,1,1.0
103,1,205.02,249.4,100.9,42.400000000000006,1,1,1.0
103,4,508.57,255.43,282.09999999999997,139.38,1,1,1.0
103,5,482.37,269.83,104.68999999999994,38.900000000000034,1,1,1.0
103,6,713.45,247.37,72.01999999999998,39.23000000000002,1,1,1.0
104,1,205.02,249.4,100.9,42.400000000000006,1,1,1.0
104,4,494.6,257.57,287.04999999999995,140.81,1,1,1.0
104,5,468.9,270.64,105.92000000000007,38.910000000000025,1,1,1.0
104,6,701.8,248.12,74.58000000000004,39.01999999999998,1,1,1.0
105,1,205.02,249.4,100.9,42.400000000000006,1,1,1.0
105,4,480.64,259.71,291.98,142.23000000000002,1,1,1.0
105,5,455.42,271.46,107.16000000000003,38.910000000000025,1,1,1.0
105,6,690.15,248.88,77.13,38.81,1,1,1.0
105,7,940.79,217.2,19.210000000000036,56.610000000000014,1,1,1.0
106,1,205.02,249.4,100.9,42.400000000000006,1,1,1.0
106,4,466.68,261.84,296.92,143.66000000000003,1,1,1.0
106,5,441.94,272.28,108.40000000000003,38.920000000000016,1,1,1.0
106,6,678.5,249.64,79.69000000000005,38.59000000000003,1,1,1.0
106,7,936.57,215.4,23.42999999999995,58.41999999999999,1,1,1.0
107,1,205.02,249.4,100.9,42.400000000000006,1,1,1.0
107,4,451.3,263.13,301.21,150.60000000000002,1,1,1.0
107,5,428.46,273.1,109.64000000000004,38.91999999999996,1,1,1.0
107,6,666.86,250.4,82.24000000000001,38.37999999999997,1,1,1.0
107,7,932.35,214.97,27.649999999999977,58.849999999999994,1,1,1.0
108,1,205.02,249.4,100.9,42.400000000000006,1,1,1.0
108,4,433.6,264.42,311.23,152.45,1,1,1.0
108,5,413.42,273.77,110.61999999999995,39.370000000000005,1,1,1.0
108,6,651.78,251.04,85.29000000000008,38.59,1,1,1.0
108,7,928.12,214.53,31.879999999999995,59.28999999999999,1,1,1.0
109,1,205.02,249.4,100.9,42.400000000000006,1,1,1.0
109,4,415.9,265.71,321.25,154.3,1,1,1.0
109,5,398.38,274.44,111.60000000000002,39.81999999999999,1,1,1.0
109,6,636.71,251.68,88.32999999999993,38.80000000000001,1,1,1.0
109,7,923.9,214.1,36.10000000000002,59.71000000000001,1,1,1.0
110,1,205.02,249.4,100.9,42.400000000000006,1,1,1.0
110,4,398.2,267.0,331.26000000000005,156.14999999999998,1,1,1.0
110,5,383.34,275.11,112.58000000000004,40.27999999999997,1,1,1.0
110,6,621.64,252.32,91.37,39.0,1,1,1.0
110,7,919.68,213.67,40.32000000000005,60.140000000000015,1,1,1.0
111,1,205.02,249.4,100.9,42.400000000000006,1,1,1.0
111,4,383.77,265.54,338.01,160.76,1,1,1.0
111,5,368.3,275.78,113.56,40.73000000000002,1,1,1.0
111,6,606.56,252.96,94.42000000000007,39.21000000000001,1,1,1.0
111,7,915.46,213.23,44.539999999999964,60.58000000000001,1,1,1.0
112,1,205.02,249.4,100.9,42.400000000000006,1,1,1.0
112,4,369.34,264.07,344.76000000000005,165.37,1,1,1.0
112,5,353.26,276.45,114.54000000000002,41.18000000000001,1,1,1.0
112,6,591.49,253.6,97.46000000000004,39.41999999999999,1,1,1.0
112,7,911.23,212.8,48.76999999999998,61.00999999999999,1,1,1.0
113,1,205.02,249.4,100.9,42.400000000000006,1,1,1.0
113,4,354.0,270.44,345.39,167.41000000000003,1,1,1.0
113,5,338.21,277.12,115.53000000000003,41.639999999999986,1,1,1.0
113,6,576.42,254.24,100.5,39.629999999999995,1,1,1.0
113,7,907.01,213.2,52.99000000000001,60.610000000000014,1,1,1.0
114,1,205.02,249.4,100.9,42.400000000000006,1,1,1.0
114,4,334.28,272.62,352.6600000000001,169.45999999999998,1,1,1.0
114,5,323.17,277.79,116.50999999999999,42.089999999999975,1,1,1.0
114,6,561.34,254.88,103.54999999999995,39.84000000000003,1,1,1.0
114,7,902.79,213.6,57.210000000000036,60.21000000000001,1,1,1.0
115,1,205.02,249.4,100.9,42.400000000000006,1,1,1.0
115,4,314.55,274.8,359.95,171.5,1,1,1.0
115,5,308.13,278.46,117.49000000000001,42.54000000000002,1,1,1.0
115,6,546.27,255.52,106.59000000000003,40.04999999999998,1,1,1.0
115,7,898.57,214.0,61.42999999999995,59.81,1,1,1.0
116,1,205.02,249.4,100.9,42.400000000000006,1,1,1.0
116,4,293.34,277.26,369.71,175.66000000000003,1,1,1.0
116,5,293.09,279.13,118.47000000000003,43.0,1,1,1.0
116,6,531.2,256.16,109.63,40.25999999999999,1,1,1.0
116,7,894.34,214.4,65.65999999999997,59.41,1,1,1.0
117,1,205.02,249.4,100.9,42.400000000000006,1,1,1.0
117,4,272.13,279.73,379.46000000000004,179.79999999999995,1,1,1.0
117,5,278.05,279.8,119.44999999999999,43.44999999999999,1,1,1.0
117,6,516.12,256.8,112.67999999999995,40.46999999999997,1,1,1.0
117,7,890.12,215.8,69.88,58.00999999999999,1,1,1.0
118,1,205.02,249.4,100.9,42.400000000000006,1,1,1.0
118,4,250.91,282.19,389.23,183.95999999999998,1,1,1.0
118,5,263.01,280.47,120.43,43.89999999999998,1,1,1.0
118,6,502.16,257.7,113.19,41.110000000000014,1,1,1.0
118,7,885.9,217.2,74.10000000000002,56.610000000000014,1,1,1.0
119,1,205.02,249.4,100.9,42.400000000000006,1,1,1.0
119,4,229.7,284.65,398.97999999999996,188.12,1,1,1.0
119,5,247.96,281.15,121.41999999999999,44.34000000000003,1,1,1.0
119,6,488.2,258.61,113.70999999999998,41.75,1,1,1.0
119,7,880.77,217.2,75.65999999999997,57.19,1,1,1.0
120,1,205.02,249.4,100.9,42.400000000000006,1,1,1.0
120,4,204.92,287.11,412.31000000000006,192.26999999999998,1,1,1.0
120,5,232.92,281.82,122.4,44.80000000000001,1,1,1.0
120,6,474.24,259.51,114.22000000000003,42.389999999999986,1,1,1.0
120,7,875.64,217.21,77.22000000000003,57.76000000000002,1,1,1.0
121,1,205.02,249.4,100.9,42.400000000000006,1,1,1.0
121,4,180.14,289.58,425.64,196.42000000000002,1,1,1.0
121,5,216.02,283.38,122.91,44.74000000000001,1,1,1.0
121,6,460.28,260.41,114.73000000000002,43.039999999999964,1,1,1.0
121,7,870.51,217.21,78.76999999999998,58.33000000000001,1,1,1.0
122,1,205.02,249.4,100.9,42.400000000000006,1,1,1.0
122,4,155.37,292.04,438.95000000000005,200.57999999999998,1,1,1.0
122,5,199.11,284.95,123.43,44.670000000000016,1,1,1.0
122,6,446.32,261.31,115.25000000000006,43.68000000000001,1,1,1.0
122,7,865.38,217.21,80.33000000000004,58.91,1,1,1.0
123,1,205.02,249.4,100.9,42.400000000000006,1,1,1.0
123,4,130.59,294.5,452.28,204.73000000000002,1,1,1.0
123,5,182.21,286.52,123.93999999999997,44.60000000000002,1,1,1.0
123,6,432.36,262.22,115.75999999999999,44.309999999999945,1,1,1.0
123,7,860.25,217.21,81.88999999999999,59.48999999999998,1,1,1.0
124,1,205.02,249.4,100.9,42.400000000000006,1,1,1.0
124,4,105.81,296.96,465.59999999999997,208.89000000000004,1,1,1.0
124,5,165.31,288.09,124.44999999999999,44.53000000000003,1,1,1.0
124,6,418.4,263.12,116.26999999999998,44.95999999999998,1,1,1.0
124,7,855.12,217.21,83.45000000000005,60.059999999999974,1,1,1.0
125,1,205.02,249.4,100.9,42.400000000000006,1,1,1.0
125,4,81.03,299.43,478.93000000000006,213.04000000000002,1,1,1.0
125,5,148.4,289.66,124.97999999999999,44.45999999999998,1,1,1.0
125,6,404.44,264.02,116.78000000000003,45.60000000000002,1,1,1.0
125,7,848.24,217.6,85.0,60.640000000000015,1,1,1.0
126,1,205.02,249.4,100.9,42.400000000000006,1,1,1.0
126,4,56.26,301.89,492.24,217.19000000000005,1,1,1.0
126,5,131.5,291.23,125.49000000000001,44.39999999999998,1,1,1.0
126,6,390.48,264.92,117.29999999999995,46.25,1,1,1.0
126,7,841.36,218.0,86.55999999999995,61.19999999999999,1,1,1.0
127,1,205.02,249.4,100.9,42.400000000000006,1,1,1.0
127,4,31.48,304.35,505.56999999999994,221.35000000000002,1,1,1.0
127,5,114.59,292.8,126.00999999999999,44.329999999999984,1,1,1.0
127,6,376.52,265.83,117.81,46.879999999999995,1,1,1.0
127,7,834.47,218.39,88.12,61.78000000000003,1,1,1.0
128,1,205.02,249.4,100.9,42.400000000000006,1,1,1.0
128,4,6.7,306.82,518.9,225.50000000000006,1,1,1.0
128,5,96.08,294.01,128.12,45.210000000000036,1,1,1.0
128,6,362.56,266.73,118.32,47.51999999999998,1,1,1.0
128,7,827.59,218.78,89.66999999999996,62.359999999999985,1,1,1.0
129,1,205.02,249.4,100.9,42.400000000000006,1,1,1.0
129,4,1.22,312.3,518.89,225.49999999999994,1,1,1.0
129,5,77.57,295.22,130.24,46.099999999999966,1,1,1.0
129,6,346.6,268.08,119.87,47.78000000000003,1,1,1.0
129,7,820.71,219.17,91.23000000000002,62.930000000000035,1,1,1.0
130,1,205.02,249.4,100.9,42.400000000000006,1,1,1.0
130,4,1.22,312.0,497.03999999999996,225.79999999999995,1,1,1.0
130,5,59.05,296.43,132.36,46.98000000000002,1,1,1.0
130,6,330.65,269.43,121.41000000000003,48.05000000000001,1,1,1.0
130,7,813.82,219.56,92.78999999999996,63.50999999999999,1,1,1.0
131,1,205.02,249.4,100.9,42.400000000000006,1,1,1.0
131,4,1.22,311.7,475.17999999999995,226.08999999999997,1,1,1.0
131,5,40.54,297.64,134.48000000000002,47.870000000000005,1,1,1.0
131,6,314.69,270.78,122.94999999999999,48.31,1,1,1.0
131,7,806.94,219.96,94.33999999999992,64.08000000000001,1,1,1.0
132,1,205.02,249.4,100.9,42.400000000000006,1,1,1.0
132,4,1.22,315.5,452.67999999999995,222.29999999999995,1,1,1.0
132,5,22.03,298.85,136.59,48.75999999999999,1,1,1.0
132,6,298.74,272.13,124.49000000000001,48.56999999999999,1,1,1.0
132,7,800.06,220.35,95.90000000000009,64.65,1,1,1.0
133,1,205.02,249.4,100.9,42.400000000000006,1,1,1.0
133,4,1.22,319.3,430.17999999999995,218.49999999999994,1,1,1.0
133,5,3.51,300.06,138.72,49.639999999999986,1,1,1.0
133,6,282.78,273.49,126.03000000000003,48.81999999999999,1,1,1.0
133,7,793.17,220.74,97.46000000000004,65.23000000000002,1,1,1.0
134,1,205.02,249.4,100.9,42.400000000000006,1,1,1.0
134,4,1.22,323.1,407.67999999999995,214.69999999999993,1,1,1.0
134,5,0.05,302.17,120.52,48.26999999999998,1,1,1.0
134,6,266.83,274.84,127.57,49.08000000000004,1,1,1.0
134,7,786.29,221.13,99.01999999999998,65.80000000000001,1,1,1.0
134,8,673.74,523.6,108.96000000000004,15.449999999999932,1,1,1.0
135,1,205.02,249.4,100.9,42.400000000000006,1,1,1.0
135,4,1.22,325.73,389.71,212.06999999999994,1,1,1.0
135,5,0.12,304.27,102.33,46.910000000000025,1,1,1.0
135,6,250.87,276.19,129.12,49.339999999999975,1,1,1.0
135,7,779.4,221.52,100.58000000000004,66.37999999999997,1,1,1.0
135,8,673.74,520.8,124.15999999999997,18.25,1,1,1.0
136,1,205.02,249.4,100.9,42.400000000000006,1,1,1.0
136,4,1.22,328.37,371.75,209.42999999999995,1,1,1.0
136,5,0.2,306.38,84.14,45.54000000000002,1,1,1.0
136,6,234.92,277.54,130.65,49.599999999999966,1,1,1.0
136,7,772.52,221.92,102.13,66.95000000000002,1,1,1.0
136,8,681.08,515.0,136.2199999999999,24.059999999999945,1,1,1.0
137,1,205.02,249.4,100.9,42.400000000000006,1,1,1.0
137,4,1.22,331.0,353.78,206.79999999999995,1,1,1.0
137,5,0.27,308.49,65.95,44.170000000000016,1,1,1.0
137,6,218.97,278.89,132.19000000000003,49.860000000000014,1,1,1.0
137,7,765.64,222.31,103.69000000000005,67.51999999999998,1,1,1.0
137,8,688.42,509.2,148.2800000000001,29.859999999999957,1,1,1.0
138,1,205.02,249.4,100.9,42.400000000000006,1,1,1.0
138,4,1.22,335.3,331.83,202.49999999999994,1,1,1.0
138,5,0.34,310.6,47.76,42.799999999999955,1,1,1.0
138,6,203.01,280.24,133.73000000000002,50.129999999999995,1,1,1.0
138,7,758.75,222.7,105.25,68.10000000000002,1,1,1.0
138,8,697.65,504.03,148.05000000000007,35.04000000000008,1,1,1.0
139,1,205.02,249.4,100.9,42.400000000000006,1,1,1.0
139,4,1.22,339.6,309.88,198.19999999999993,1,1,1.0
139,5,0.34,314.05,28.46,39.349999999999966,1,1,1.0
139,6,187.06,281.59,135.26999999999998,50.39000000000004,1,1,1.0
139,7,750.98,223.1,105.93999999999994,68.53,1,1,1.0
139,8,706.88,498.87,147.82000000000005,40.210000000000036,1,1,1.0
140,1,205.02,249.4,100.9,42.400000000000006,1,1,1.0
140,4,1.22,343.9,287.92999999999995,193.89999999999998,1,1,1.0
140,5,0.34,317.5,9.16,35.89999999999998,1,1,1.0
140,6,169.29,282.17,137.07000000000002,51.44999999999999,1,1,1.0
140,7,743.2,223.5,106.63999999999999,68.95999999999998,1,1,1.0
140,8,716.11,493.7,147.59000000000003,45.38000000000005,1,1,1.0
141,1,205.02,249.4,100.9,42.400000000000006,1,1,1.0
141,4,1.22,348.2,265.97999999999996,189.59999999999997,1,1,1.0
141,6,151.52,282.76,138.87999999999997,52.50999999999999,1,1,1.0
141,7,735.42,223.89,107.34000000000003,69.40000000000003,1,1,1.0
141,8,725.34,488.53,147.36,50.56000000000006,1,1,1.0
142,1,205.02,249.4,100.9,42.400000000000006,1,1,1.0
142,4,1.22,351.53,243.38,186.26999999999998,1,1,1.0
142,6,133.74,283.34,140.69,53.58000000000004,1,1,1.0
142,7,727.65,224.29,108.02999999999997,69.83000000000001,1,1,1.0
142,8,734.57,483.37,147.13,55.72000000000003,1,1,1.0
143,1,205.02,249.4,100.9,42.400000000000006,1,1,1.0
143,4,1.22,354.86,220.78,182.93999999999994,1,1,1.0
143,6,115.97,283.92,142.48999999999998,54.639999999999986,1,1,1.0
143,7,719.87,224.69,108.73000000000002,70.25999999999999,1,1,1.0
143,8,743.8,478.2,146.9000000000001,60.900000000000034,1,1,1.0
144,1,205.02,249.4,100.9,42.400000000000006,1,1,1.0
144,4,1.22,358.19,198.18,179.60999999999996,1,1,1.0
144,6,98.2,284.5,144.29000000000002,55.70999999999998,1,1,1.0
144,7,712.09,225.09,109.42999999999995,70.68999999999997,1,1,1.0
144,8,753.66,473.27,143.7800000000001,66.73000000000002,1,1,1.0
145,1,205.02,249.4,100.9,42.400000000000006,1,1,1.0
145,4,1.22,361.51,175.58,176.28999999999996,1,1,1.0
145,6,80.43,285.72,146.1,56.129999999999995,1,1,1.0
145,7,704.32,225.49,110.12,71.12,1,1,1.0
145,8,763.51,468.35,140.66999999999996,71.64999999999998,1,1,1.0
146,1,205.02,249.4,100.9,42.400000000000006,1,1,1.0
146,4,1.22,364.84,152.98,172.95999999999998,1,1,1.0
146,6,62.66,286.94,147.9,56.56,1,1,1.0
146,7,696.54,225.88,110.82000000000005,71.55000000000001,1,1,1.0
146,8,773.37,456.8,137.54999999999995,83.19999999999999,1,1,1.0
147,1,205.02,249.4,100.9,42.400000000000006,1,1,1.0
147,4,1.22,368.17,130.38,169.62999999999994,1,1,1.0
147,6,44.89,288.16,149.7,56.98999999999995,1,1,1.0
147,7,688.76,226.28,111.52999999999997,71.97999999999999,1,1,1.0
147,8,783.23,452.82,134.42999999999995,85.97999999999996,1,1,1.0
148,1,205.02,249.4,100.9,42.400000000000006,1,1,1.0
148,4,1.22,371.5,107.78,166.29999999999995,1,1,1.0
148,6,27.12,289.38,151.5,57.410000000000025,1,1,1.0
148,7,680.99,226.68,112.22000000000003,72.40999999999997,1,1,1.0
148,8,797.82,450.73,131.31999999999994,85.42999999999995,1,1,1.0
149,1,205.02,249.4,100.9,42.400000000000006,1,1,1.0
149,4,1.22,373.6,81.58,164.19999999999993,1,1,1.0
149,6,8.3,290.51,152.06,57.410000000000025,1,1,1.0
149,7,673.21,227.08,112.91999999999996,72.84,1,1,1.0
149,8,806.73,446.37,128.19999999999993,84.88,1,1,1.0
150,1,205.02,249.4,100.9,42.400000000000006,1,1,1.0
150,4,1.22,385.4,53.28,152.39,1,1,1.0
150,6,0.7,291.64,141.39000000000001,57.420000000000016,1,1,1.0
150,7,664.17,227.27,113.61000000000001,73.27000000000001,1,1,1.0
150,8,815.64,442.01,125.09000000000003,84.33000000000004,1,1,1.0
151,1,205.02,249.4,100.9,42.400000000000006,1,1,1.0
151,4,1.22,412.0,19.080000000000002,125.79999999999995,1,1,1.0
151,6,0.2,292.77,123.63,57.420000000000016,1,1,1.0
151,7,655.13,227.45,114.31000000000006,73.71000000000004,1,1,1.0
151,8,824.55,437.66,121.97000000000003,83.75999999999993,1,1,1.0
152,1,205.02,249.4,100.9,42.400000000000006,1,1,1.0
152,6,0.7,293.91,104.86,57.40999999999997,1,1,1.0
152,7,646.08,227.64,115.00999999999999,74.13999999999999,1,1,1.0
152,8,833.46,433.3,118.84999999999991,83.20999999999998,1,1,1.0
153,1,205.02,249.4,100.9,42.400000000000006,1,1,1.0
153,6,0.23,295.04,87.07,57.40999999999997,1,1,1.0
153,7,637.04,227.83,115.71000000000004,74.56999999999996,1,1,1.0
153,8,842.37,428.94,115.74000000000001,82.66000000000003,1,1,1.0
154,1,205.02,249.4,100.9,42.400000000000006,1,1,1.0
154,6,0.23,296.69,68.44,57.420000000000016,1,1,1.0
154,7,628.0,228.01,116.39999999999998,75.0,1,1,1.0
154,8,849.13,425.02,109.25,81.98000000000002,1,1,1.0
155,1,205.02,249.4,100.9,42.400000000000006,1,1,1.0
155,6,0.23,298.34,49.800000000000004,57.420000000000016,1,1,1.0
155,7,618.96,228.2,117.09999999999991,75.43,1,1,1.0
155,8,855.89,421.1,102.75999999999999,81.29999999999995,1,1,1.0
156,1,205.02,249.4,100.9,42.400000000000006,1,1,1.0
156,6,0.23,299.99,31.169999999999998,57.420000000000016,1,1,1.0
156,7,607.87,228.75,118.89999999999998,75.43,1,1,1.0
156,8,862.65,417.18,96.26999999999998,80.62,1,1,1.0
157,1,205.02,249.4,100.9,42.400000000000006,1,1,1.0
157,6,0.23,299.99,16.27,57.420000000000016,1,1,1.0
157,7,596.77,229.3,120.72000000000003,75.43,1,1,1.0
157,8,869.42,413.26,89.7700000000001,79.94,1,1,1.0
158,1,205.02,249.4,100.9,42.400000000000006,1,1,1.0
158,7,585.68,229.85,122.5200000000001,75.42999999999998,1,1,1.0
158,8,876.18,409.34,83.28000000000009,79.26000000000005,1,1,1.0
159,1,205.02,249.4,100.9,42.400000000000006,1,1,1.0
159,7,574.59,230.4,124.31999999999994,75.42999999999998,1,1,1.0
159,8,882.94,405.42,76.78999999999996,78.57999999999998,1,1,1.0
160,1,205.02,249.4,100.9,42.400000000000006,1,1,1.0
160,7,563.5,230.95,126.13,75.43,1,1,1.0
160,8,889.7,401.5,70.29999999999995,77.89999999999998,1,1,1.0
161,1,205.02,249.4,100.9,42.400000000000006,1,1,1.0
161,7,552.41,231.5,127.93000000000006,75.43,1,1,1.0
161,8,895.98,398.3,64.01999999999998,77.89999999999998,1,1,1.0
162,1,205.02,249.4,100.9,42.400000000000006,1,1,1.0
162,7,541.32,232.04,129.7399999999999,75.44000000000003,1,1,1.0
162,8,902.26,395.11,57.74000000000001,77.89999999999998,1,1,1.0
163,1,205.02,249.4,100.9,42.400000000000006,1,1,1.0
163,7,530.22,232.59,131.54999999999995,75.43999999999997,1,1,1.0
163,8,908.54,391.91,51.460000000000036,77.89999999999998,1,1,1.0
164,1,205.02,249.4,100.9,42.400000000000006,1,1,1.0
164,7,519.13,233.14,133.36,75.43,1,1,1.0
164,8,914.82,388.71,45.17999999999995,77.90000000000003,1,1,1.0
165,1,205.02,249.4,100.9,42.400000000000006,1,1,1.0
165,7,508.04,233.69,135.16000000000003,75.43,1,1,1.0
165,8,921.1,385.51,38.89999999999998,77.90000000000003,1,1,1.0
166,1,205.02,249.4,100.9,42.400000000000006,1,1,1.0
166,7,496.95,234.24,136.95999999999998,75.43,1,1,1.0
166,8,927.39,382.32,32.610000000000014,77.90000000000003,1,1,1.0
167,1,205.02,249.4,100.9,42.400000000000006,1,1,1.0
167,7,485.86,234.79,138.76999999999998,75.43000000000004,1,1,1.0
167,8,933.67,379.12,26.33000000000004,77.89999999999998,1,1,1.0
168,1,205.02,249.4,100.9,42.400000000000006,1,1,1.0
168,7,474.77,235.34,140.57000000000005,75.42999999999998,1,1,1.0
168,8,939.95,375.92,20.049999999999955,77.89999999999998,1,1,1.0
169,1,205.02,249.4,100.9,42.400000000000006,1,1,1.0
169,7,463.67,235.89,142.38999999999993,75.43,1,1,1.0
169,8,944.7,375.92,15.299999999999955,59.879999999999995,1,1,1.0
170,1,205.02,249.4,100.9,42.400000000000006,1,1,1.0
170,7,452.58,236.44,144.19,75.43,1,1,1.0
170,8,948.5,386.3,11.5,49.5,1,1,1.0
171,1,205.02,249.4,100.9,42.400000000000006,1,1,1.0
171,7,441.49,236.99,146.0,75.43,1,1,1.0
172,1,205.02,249.4,100.9,42.400000000000006,1,1,1.0
172,7,430.4,237.54,147.80000000000007,75.43000000000004,1,1,1.0
173,1,205.02,249.4,100.9,42.400000000000006,1,1,1.0
173,7,419.04,237.62,147.95,76.25,1,1,1.0
174,1,205.02,249.4,100.9,42.400000000000006,1,1,1.0
174,7,407.68,237.7,148.10999999999996,77.07,1,1,1.0
175,1,205.02,249.4,100.9,42.400000000000006,1,1,1.0
175,7,396.31,237.78,148.27000000000004,77.89000000000001,1,1,1.0
176,1,205.02,249.4,100.9,42.400000000000006,1,1,1.0
176,7,384.95,237.86,148.43,78.71999999999997,1,1,1.0
177,1,205.02,249.4,100.9,42.400000000000006,1,1,1.0
177,7,373.59,237.94,148.57999999999998,79.54000000000002,1,1,1.0
178,1,205.02,249.4,100.9,42.400000000000006,1,1,1.0
178,7,362.23,238.02,148.74,80.35999999999999,1,1,1.0
179,1,205.02,249.4,100.9,42.400000000000006,1,1,1.0
179,7,350.87,238.11,148.89,81.16999999999996,1,1,1.0
180,1,205.02,249.4,100.9,42.400000000000006,1,1,1.0
180,7,339.5,238.19,149.06,81.99000000000001,1,1,1.0
181,1,205.02,249.4,100.9,42.400000000000006,1,1,1.0
181,7,328.14,238.27,149.21000000000004,82.80999999999997,1,1,1.0
182,1,205.02,249.4,100.9,42.400000000000006,1,1,1.0
182,7,316.78,238.35,149.36,83.64000000000001,1,1,1.0
183,1,205.02,249.4,100.9,42.400000000000006,1,1,1.0
183,7,305.42,238.43,149.51999999999998,84.45999999999998,1,1,1.0
184,1,205.02,249.4,100.9,42.400000000000006,1,1,1.0
184,7,294.06,238.51,149.67000000000002,85.28000000000003,1,1,1.0
185,1,205.02,249.4,100.9,42.400000000000006,1,1,1.0
185,7,282.69,238.59,149.83999999999997,86.1,1,1,1.0
186,1,205.02,249.4,100.9,42.400000000000006,1,1,1.0
186,7,271.33,238.67,149.99,86.91999999999999,1,1,1.0
187,1,205.02,249.4,100.9,42.400000000000006,1,1,1.0
187,7,259.97,238.76,150.14999999999998,87.73000000000002,1,1,1.0
188,1,205.02,249.4,100.9,42.400000000000006,1,1,1.0
188,7,248.61,238.84,150.3,88.55999999999997,1,1,1.0
189,1,205.02,249.4,100.9,42.400000000000006,1,1,1.0
189,7,237.25,238.92,150.45999999999998,89.38000000000002,1,1,1.0
190,1,205.02,249.4,100.9,42.400000000000006,1,1,1.0
190,7,225.88,239.0,150.62,90.19999999999999,1,1,1.0
